===== 地形指标评估结果 =====
文件夹路径: n
RMSE: 89.595950
粗糙度(Roughness): 191.341156
SMR: 0.773454
SME: 12.603729
SSIM: 0.928571
TRI: 70.143311
Entropy: 1.036474
============================
