===== 地形指标评估结果 =====
文件夹路径: n100
RMSE: 72.409500
粗糙度(Roughness): 193.740417
SMR: 0.809233
SME: 20.644809
SSIM: 0.944576
TRI: 70.915848
Entropy: 1.033329
============================
