===== 地形指标评估结果 =====
文件夹路径: g
RMSE: 19.304558
粗糙度(Roughness): 195.132172
SMR: 0.866069
SME: 15.042970
SSIM: 0.979162
TRI: 71.342453
Entropy: 1.032573
============================
