===== 地形指标评估结果 =====
文件夹路径: fm3_n400c50_001
RMSE: 35.515654
粗糙度(Roughness): 208.755795
SMR: 0.702797
SME: 20.605425
SSIM: 0.952042
TRI: 78.366360
Entropy: 1.040947
============================
