===== 地形指标评估结果 =====
文件夹路径: 00_source
RMSE: 0.000000
粗糙度(Roughness): 223.255798
SMR: 1.000000
SME: 0.000000
SSIM: 1.000000
TRI: 81.097229
Entropy: 1.043466
============================
