===== 地形指标评估结果 =====
文件夹路径: n2000
RMSE: 19.722482
粗糙度(Roughness): 198.252594
SMR: 0.975504
SME: 2.743319
SSIM: 0.978457
TRI: 72.480659
Entropy: 1.032696
============================
