===== 地形指标评估结果 =====
文件夹路径: fm4_n1000c50_001
RMSE: 42.779635
粗糙度(Roughness): 190.445791
SMR: 0.295831
SME: 50.258900
SSIM: 0.938018
TRI: 71.420739
Entropy: 1.029892
============================
