===== 地形指标评估结果 =====
文件夹路径: n200
RMSE: 39.329683
粗糙度(Roughness): 195.149460
SMR: 0.845777
SME: 20.292478
SSIM: 0.960744
TRI: 71.487396
Entropy: 1.031538
============================
