===== 地形指标评估结果 =====
文件夹路径: fm1_n400c50_001
RMSE: 67.243282
粗糙度(Roughness): 181.102563
SMR: 0.183957
SME: 64.693965
SSIM: 0.910720
TRI: 68.443482
Entropy: 1.023611
============================
