===== 地形指标评估结果 =====
文件夹路径: t
RMSE: 19.000472
粗糙度(Roughness): 223.355702
SMR: 0.633431
SME: 45.791832
SSIM: 0.992503
TRI: 81.411320
Entropy: 1.042666
============================
