===== 地形指标评估结果 =====
文件夹路径: n400
RMSE: 25.231533
粗糙度(Roughness): 198.494263
SMR: 0.952234
SME: 3.866588
SSIM: 0.972987
TRI: 72.582008
Entropy: 1.031306
============================
