===== 地形指标评估结果 =====
文件夹路径: fm2_n1000c50_001
RMSE: 38.959308
粗糙度(Roughness): 189.149764
SMR: 0.386306
SME: 39.207524
SSIM: 0.948278
TRI: 69.618456
Entropy: 1.027647
============================
