===== 地形指标评估结果 =====
文件夹路径: t
RMSE: 89.976160
粗糙度(Roughness): 210.516899
SMR: 0.243319
SME: 227.897334
SSIM: 0.907058
TRI: 76.474260
Entropy: 1.038897
============================
