===== 地形指标评估结果 =====
文件夹路径: f
RMSE: 20.336603
粗糙度(Roughness): 201.647247
SMR: 0.963704
SME: 8.440015
SSIM: 0.972544
TRI: 76.339531
Entropy: 1.039381
============================
