===== 地形指标评估结果 =====
文件夹路径: m
RMSE: 16.645482
粗糙度(Roughness): 199.809601
SMR: 0.810054
SME: 18.287865
SSIM: 0.978630
TRI: 73.303864
Entropy: 1.034675
============================
