===== 地形指标评估结果 =====
文件夹路径: pm_n400c50_025
RMSE: 24.488752
粗糙度(Roughness): 199.782593
SMR: 0.946412
SME: 4.124497
SSIM: 0.974407
TRI: 72.977997
Entropy: 1.032270
============================
