===== 地形指标评估结果 =====
文件夹路径: fm3_n2000c50_001
RMSE: 14.955549
粗糙度(Roughness): 213.374850
SMR: 0.830471
SME: 14.442309
SSIM: 0.984165
TRI: 78.591924
Entropy: 1.042821
============================
