===== 地形指标评估结果 =====
文件夹路径: n10000
RMSE: 17.441424
粗糙度(Roughness): 199.584076
SMR: 0.982551
SME: 2.488573
SSIM: 0.982218
TRI: 72.907631
Entropy: 1.031871
============================
