===== 地形指标评估结果 =====
文件夹路径: g
RMSE: 89.594830
粗糙度(Roughness): 153.723099
SMR: 0.272267
SME: 46.396768
SSIM: 0.902941
TRI: 58.601570
Entropy: 1.011858
============================
