===== 地形指标评估结果 =====
文件夹路径: k
RMSE: 89.451079
粗糙度(Roughness): 184.105942
SMR: 0.828828
SME: 15.439791
SSIM: 0.908491
TRI: 72.973137
Entropy: 1.008719
============================
