===== 地形指标评估结果 =====
文件夹路径: fm2_n400c50_001
RMSE: 65.251220
粗糙度(Roughness): 177.149718
SMR: 0.191150
SME: 60.537796
SSIM: 0.921603
TRI: 65.871542
Entropy: 1.022683
============================
