===== 地形指标评估结果 =====
文件夹路径: m
RMSE: 91.243848
粗糙度(Roughness): 155.781708
SMR: 0.203628
SME: 43.698601
SSIM: 0.883808
TRI: 59.386688
Entropy: 1.017450
============================
