===== 地形指标评估结果 =====
文件夹路径: pm_n2000c50_025
RMSE: 17.838200
粗糙度(Roughness): 199.764389
SMR: 0.969940
SME: 2.785290
SSIM: 0.981313
TRI: 72.961700
Entropy: 1.033869
============================
