===== 地形指标评估结果 =====
文件夹路径: fm1_n2000c50_001
RMSE: 28.767737
粗糙度(Roughness): 197.530883
SMR: 0.384554
SME: 41.098115
SSIM: 0.958667
TRI: 73.515802
Entropy: 1.030493
============================
