===== 地形指标评估结果 =====
文件夹路径: fm3_n1000c50_001
RMSE: 19.900875
粗糙度(Roughness): 212.082195
SMR: 0.806015
SME: 18.131709
SSIM: 0.975381
TRI: 78.584317
Entropy: 1.046228
============================
