===== 地形指标评估结果 =====
文件夹路径: n5000
RMSE: 16.262761
粗糙度(Roughness): 200.843246
SMR: 0.977020
SME: 2.148851
SSIM: 0.983503
TRI: 73.298759
Entropy: 1.032359
============================
