===== 地形指标评估结果 =====
文件夹路径: f
RMSE: 89.529869
粗糙度(Roughness): 168.859741
SMR: 0.446107
SME: 20.473858
SSIM: 0.858324
TRI: 67.374977
Entropy: 1.038473
============================
