===== 地形指标评估结果 =====
文件夹路径: k
RMSE: 19.316464
粗糙度(Roughness): 204.903076
SMR: 0.940950
SME: 11.246021
SSIM: 0.986138
TRI: 75.536903
Entropy: 1.036492
============================
