===== 地形指标评估结果 =====
文件夹路径: fm2_n2000c50_001
RMSE: 27.450171
粗糙度(Roughness): 196.510096
SMR: 0.499681
SME: 33.074175
SSIM: 0.964057
TRI: 71.954925
Entropy: 1.031285
============================
