===== 地形指标评估结果 =====
文件夹路径: n
RMSE: 19.376181
粗糙度(Roughness): 199.929153
SMR: 0.972651
SME: 2.547282
SSIM: 0.979375
TRI: 73.012177
Entropy: 1.033667
============================
